Grid1
530070000
600195000
098000060
800060003
400803001
700020006
060000280
000419005
000080079
Grid2
050020001
200004000
600007028
008000030
000908000
020000100
040300009
000700005
800060070
Grid3
700200004
020000100
004000005
001406003
003000900
600307800
800000700
005000080
300002001
Grid4
105802000
090076405
200400819
060000008
000060000
400000030
019007002
803500070
000908301
Grid5
800000000
003600000
070090200
050007000
000045700
000100030
001000068
008500010
090000400